service_id,monday,tuesday,wednesday,thursday,friday,saturday,sunday,start_date,end_date                                                               
1050J,0,0,0,1,0,0,0,20230302,20230302                                                                                                                 
1051V,0,0,0,0,1,0,0,20230303,20230303                                                                                                                 
1052S,0,0,0,0,0,1,0,20230304,20230304                                                                                                                 
1053D,0,0,0,0,0,0,1,20230305,20230305                                                                                                                 
1054L,1,0,0,0,0,0,0,20230306,20230306                                                                                                                 
1055M,0,1,0,0,0,0,0,20230307,20230307                                                                                                                 
1056X,0,0,1,0,0,0,0,20230308,20230308                                                                                                                 
1057J,0,0,0,1,0,0,0,20230309,20230309                                                                                                                 
1058V,0,0,0,0,1,0,0,20230310,20230310                                                                                                                 
1059S,0,0,0,0,0,1,0,20230311,20230311                                                                                                                 
1060D,0,0,0,0,0,0,1,20230312,20230312                                                                                                                 
1061L,1,0,0,0,0,0,0,20230313,20230313                                                                                                                 
1062M,0,1,0,0,0,0,0,20230314,20230314                                                                                                                 
1063X,0,0,1,0,0,0,0,20230315,20230315                                                                                                                 
1064J,0,0,0,1,0,0,0,20230316,20230316                                                                                                                 
1065V,0,0,0,0,1,0,0,20230317,20230317                                                                                                                 
1066S,0,0,0,0,0,1,0,20230318,20230318                                                                                                                 
1067D,0,0,0,0,0,0,1,20230319,20230319                                                                                                                 
1068L,1,0,0,0,0,0,0,20230320,20230320                                                                                                                 
1069M,0,1,0,0,0,0,0,20230321,20230321                                                                                                                 
1070X,0,0,1,0,0,0,0,20230322,20230322                                                                                                                 
1071J,0,0,0,1,0,0,0,20230323,20230323                                                                                                                 
1072V,0,0,0,0,1,0,0,20230324,20230324                                                                                                                 
1073S,0,0,0,0,0,1,0,20230325,20230325                                                                                                                 
1074D,0,0,0,0,0,0,1,20230326,20230326                                                                                                                 
1075L,1,0,0,0,0,0,0,20230327,20230327                                                                                                                 
1076M,0,1,0,0,0,0,0,20230328,20230328                                                                                                                 
1077X,0,0,1,0,0,0,0,20230329,20230329                                                                                                                 
1078J,0,0,0,1,0,0,0,20230330,20230330                                                                                                                 
1079V,0,0,0,0,1,0,0,20230331,20230331                                                                                                                 
1080S,0,0,0,0,0,1,0,20230401,20230401                                                                                                                 
2050J,0,0,0,1,0,0,0,20230302,20230302                                                                                                                 
2051V,0,0,0,0,1,0,0,20230303,20230303                                                                                                                 
2052S,0,0,0,0,0,1,0,20230304,20230304                                                                                                                 
2053D,0,0,0,0,0,0,1,20230305,20230305                                                                                                                 
2054L,1,0,0,0,0,0,0,20230306,20230306                                                                                                                 
2055M,0,1,0,0,0,0,0,20230307,20230307                                                                                                                 
2056X,0,0,1,0,0,0,0,20230308,20230308                                                                                                                 
2057J,0,0,0,1,0,0,0,20230309,20230309                                                                                                                 
2058V,0,0,0,0,1,0,0,20230310,20230310                                                                                                                 
2059S,0,0,0,0,0,1,0,20230311,20230311                                                                                                                 
2060D,0,0,0,0,0,0,1,20230312,20230312                                                                                                                 
2061L,1,0,0,0,0,0,0,20230313,20230313                                                                                                                 
2062M,0,1,0,0,0,0,0,20230314,20230314                                                                                                                 
2063X,0,0,1,0,0,0,0,20230315,20230315                                                                                                                 
2064J,0,0,0,1,0,0,0,20230316,20230316                                                                                                                 
2065V,0,0,0,0,1,0,0,20230317,20230317                                                                                                                 
2066S,0,0,0,0,0,1,0,20230318,20230318                                                                                                                 
2067D,0,0,0,0,0,0,1,20230319,20230319                                                                                                                 
2068L,1,0,0,0,0,0,0,20230320,20230320                                                                                                                 
2069M,0,1,0,0,0,0,0,20230321,20230321                                                                                                                 
2070X,0,0,1,0,0,0,0,20230322,20230322                                                                                                                 
2071J,0,0,0,1,0,0,0,20230323,20230323                                                                                                                 
2072V,0,0,0,0,1,0,0,20230324,20230324                                                                                                                 
2073S,0,0,0,0,0,1,0,20230325,20230325                                                                                                                 
2074D,0,0,0,0,0,0,1,20230326,20230326                                                                                                                 
2075L,1,0,0,0,0,0,0,20230327,20230327                                                                                                                 
2076M,0,1,0,0,0,0,0,20230328,20230328                                                                                                                 
2077X,0,0,1,0,0,0,0,20230329,20230329                                                                                                                 
2078J,0,0,0,1,0,0,0,20230330,20230330                                                                                                                 
2079V,0,0,0,0,1,0,0,20230331,20230331                                                                                                                 
2080S,0,0,0,0,0,1,0,20230401,20230401                                                                                                                 
3050J,0,0,0,1,0,0,0,20230302,20230302                                                                                                                 
3051V,0,0,0,0,1,0,0,20230303,20230303                                                                                                                 
3052S,0,0,0,0,0,1,0,20230304,20230304                                                                                                                 
3053D,0,0,0,0,0,0,1,20230305,20230305                                                                                                                 
3054L,1,0,0,0,0,0,0,20230306,20230306                                                                                                                 
3055M,0,1,0,0,0,0,0,20230307,20230307                                                                                                                 
3056X,0,0,1,0,0,0,0,20230308,20230308                                                                                                                 
3057J,0,0,0,1,0,0,0,20230309,20230309                                                                                                                 
3058V,0,0,0,0,1,0,0,20230310,20230310                                                                                                                 
3059S,0,0,0,0,0,1,0,20230311,20230311                                                                                                                 
3060D,0,0,0,0,0,0,1,20230312,20230312                                                                                                                 
3061L,1,0,0,0,0,0,0,20230313,20230313                                                                                                                 
3062M,0,1,0,0,0,0,0,20230314,20230314                                                                                                                 
3063X,0,0,1,0,0,0,0,20230315,20230315                                                                                                                 
3064J,0,0,0,1,0,0,0,20230316,20230316                                                                                                                 
3065V,0,0,0,0,1,0,0,20230317,20230317                                                                                                                 
3066S,0,0,0,0,0,1,0,20230318,20230318                                                                                                                 
3067D,0,0,0,0,0,0,1,20230319,20230319                                                                                                                 
3068L,1,0,0,0,0,0,0,20230320,20230320                                                                                                                 
3069M,0,1,0,0,0,0,0,20230321,20230321                                                                                                                 
3070X,0,0,1,0,0,0,0,20230322,20230322                                                                                                                 
3071J,0,0,0,1,0,0,0,20230323,20230323                                                                                                                 
3072V,0,0,0,0,1,0,0,20230324,20230324                                                                                                                 
3073S,0,0,0,0,0,1,0,20230325,20230325                                                                                                                 
3074D,0,0,0,0,0,0,1,20230326,20230326                                                                                                                 
3075L,1,0,0,0,0,0,0,20230327,20230327                                                                                                                 
3076M,0,1,0,0,0,0,0,20230328,20230328                                                                                                                 
3077X,0,0,1,0,0,0,0,20230329,20230329                                                                                                                 
3078J,0,0,0,1,0,0,0,20230330,20230330                                                                                                                 
3079V,0,0,0,0,1,0,0,20230331,20230331                                                                                                                 
3080S,0,0,0,0,0,1,0,20230401,20230401                                                                                                                 
3150J,0,0,0,1,0,0,0,20230302,20230302                                                                                                                 
3151V,0,0,0,0,1,0,0,20230303,20230303                                                                                                                 
3152S,0,0,0,0,0,1,0,20230304,20230304                                                                                                                 
3153D,0,0,0,0,0,0,1,20230305,20230305                                                                                                                 
3154L,1,0,0,0,0,0,0,20230306,20230306                                                                                                                 
3155M,0,1,0,0,0,0,0,20230307,20230307                                                                                                                 
3156X,0,0,1,0,0,0,0,20230308,20230308                                                                                                                 
3157J,0,0,0,1,0,0,0,20230309,20230309                                                                                                                 
3158V,0,0,0,0,1,0,0,20230310,20230310                                                                                                                 
3159S,0,0,0,0,0,1,0,20230311,20230311                                                                                                                 
3160D,0,0,0,0,0,0,1,20230312,20230312                                                                                                                 
3161L,1,0,0,0,0,0,0,20230313,20230313                                                                                                                 
3162M,0,1,0,0,0,0,0,20230314,20230314                                                                                                                 
3163X,0,0,1,0,0,0,0,20230315,20230315                                                                                                                 
3164J,0,0,0,1,0,0,0,20230316,20230316                                                                                                                 
3165V,0,0,0,0,1,0,0,20230317,20230317                                                                                                                 
3166S,0,0,0,0,0,1,0,20230318,20230318                                                                                                                 
3167D,0,0,0,0,0,0,1,20230319,20230319                                                                                                                 
3168L,1,0,0,0,0,0,0,20230320,20230320                                                                                                                 
3169M,0,1,0,0,0,0,0,20230321,20230321                                                                                                                 
3170X,0,0,1,0,0,0,0,20230322,20230322                                                                                                                 
3171J,0,0,0,1,0,0,0,20230323,20230323                                                                                                                 
3172V,0,0,0,0,1,0,0,20230324,20230324                                                                                                                 
3173S,0,0,0,0,0,1,0,20230325,20230325                                                                                                                 
3174D,0,0,0,0,0,0,1,20230326,20230326                                                                                                                 
3175L,1,0,0,0,0,0,0,20230327,20230327                                                                                                                 
3176M,0,1,0,0,0,0,0,20230328,20230328                                                                                                                 
3177X,0,0,1,0,0,0,0,20230329,20230329                                                                                                                 
3178J,0,0,0,1,0,0,0,20230330,20230330                                                                                                                 
3179V,0,0,0,0,1,0,0,20230331,20230331                                                                                                                 
3180S,0,0,0,0,0,1,0,20230401,20230401                                                                                                                 
3250J,0,0,0,1,0,0,0,20230302,20230302                                                                                                                 
3251V,0,0,0,0,1,0,0,20230303,20230303                                                                                                                 
3252S,0,0,0,0,0,1,0,20230304,20230304                                                                                                                 
3253D,0,0,0,0,0,0,1,20230305,20230305                                                                                                                 
3254L,1,0,0,0,0,0,0,20230306,20230306                                                                                                                 
3255M,0,1,0,0,0,0,0,20230307,20230307                                                                                                                 
3256X,0,0,1,0,0,0,0,20230308,20230308                                                                                                                 
3257J,0,0,0,1,0,0,0,20230309,20230309                                                                                                                 
3258V,0,0,0,0,1,0,0,20230310,20230310                                                                                                                 
3259S,0,0,0,0,0,1,0,20230311,20230311                                                                                                                 
3260D,0,0,0,0,0,0,1,20230312,20230312                                                                                                                 
3261L,1,0,0,0,0,0,0,20230313,20230313                                                                                                                 
3262M,0,1,0,0,0,0,0,20230314,20230314                                                                                                                 
3263X,0,0,1,0,0,0,0,20230315,20230315                                                                                                                 
3264J,0,0,0,1,0,0,0,20230316,20230316                                                                                                                 
3265V,0,0,0,0,1,0,0,20230317,20230317                                                                                                                 
3266S,0,0,0,0,0,1,0,20230318,20230318                                                                                                                 
3267D,0,0,0,0,0,0,1,20230319,20230319                                                                                                                 
3268L,1,0,0,0,0,0,0,20230320,20230320                                                                                                                 
3269M,0,1,0,0,0,0,0,20230321,20230321                                                                                                                 
3270X,0,0,1,0,0,0,0,20230322,20230322                                                                                                                 
3271J,0,0,0,1,0,0,0,20230323,20230323                                                                                                                 
3272V,0,0,0,0,1,0,0,20230324,20230324                                                                                                                 
3273S,0,0,0,0,0,1,0,20230325,20230325                                                                                                                 
3274D,0,0,0,0,0,0,1,20230326,20230326                                                                                                                 
3275L,1,0,0,0,0,0,0,20230327,20230327                                                                                                                 
3276M,0,1,0,0,0,0,0,20230328,20230328                                                                                                                 
3277X,0,0,1,0,0,0,0,20230329,20230329                                                                                                                 
3278J,0,0,0,1,0,0,0,20230330,20230330                                                                                                                 
3279V,0,0,0,0,1,0,0,20230331,20230331                                                                                                                 
3280S,0,0,0,0,0,1,0,20230401,20230401                                                                                                                 
4050J,0,0,0,1,0,0,0,20230302,20230302                                                                                                                 
4051V,0,0,0,0,1,0,0,20230303,20230303                                                                                                                 
4052S,0,0,0,0,0,1,0,20230304,20230304                                                                                                                 
4053D,0,0,0,0,0,0,1,20230305,20230305                                                                                                                 
4054L,1,0,0,0,0,0,0,20230306,20230306                                                                                                                 
4055M,0,1,0,0,0,0,0,20230307,20230307                                                                                                                 
4056X,0,0,1,0,0,0,0,20230308,20230308                                                                                                                 
4057J,0,0,0,1,0,0,0,20230309,20230309                                                                                                                 
4058V,0,0,0,0,1,0,0,20230310,20230310                                                                                                                 
4059S,0,0,0,0,0,1,0,20230311,20230311                                                                                                                 
4060D,0,0,0,0,0,0,1,20230312,20230312                                                                                                                 
4061L,1,0,0,0,0,0,0,20230313,20230313                                                                                                                 
4062M,0,1,0,0,0,0,0,20230314,20230314                                                                                                                 
4063X,0,0,1,0,0,0,0,20230315,20230315                                                                                                                 
4064J,0,0,0,1,0,0,0,20230316,20230316                                                                                                                 
4065V,0,0,0,0,1,0,0,20230317,20230317                                                                                                                 
4066S,0,0,0,0,0,1,0,20230318,20230318                                                                                                                 
4067D,0,0,0,0,0,0,1,20230319,20230319                                                                                                                 
4068L,1,0,0,0,0,0,0,20230320,20230320                                                                                                                 
4069M,0,1,0,0,0,0,0,20230321,20230321                                                                                                                 
4070X,0,0,1,0,0,0,0,20230322,20230322                                                                                                                 
4071J,0,0,0,1,0,0,0,20230323,20230323                                                                                                                 
4072V,0,0,0,0,1,0,0,20230324,20230324                                                                                                                 
4073S,0,0,0,0,0,1,0,20230325,20230325                                                                                                                 
4074D,0,0,0,0,0,0,1,20230326,20230326                                                                                                                 
4075L,1,0,0,0,0,0,0,20230327,20230327                                                                                                                 
4076M,0,1,0,0,0,0,0,20230328,20230328                                                                                                                 
4077X,0,0,1,0,0,0,0,20230329,20230329                                                                                                                 
4078J,0,0,0,1,0,0,0,20230330,20230330                                                                                                                 
4079V,0,0,0,0,1,0,0,20230331,20230331                                                                                                                 
4080S,0,0,0,0,0,1,0,20230401,20230401                                                                                                                 
4150J,0,0,0,1,0,0,0,20230302,20230302                                                                                                                 
4151V,0,0,0,0,1,0,0,20230303,20230303                                                                                                                 
4152S,0,0,0,0,0,1,0,20230304,20230304                                                                                                                 
4153D,0,0,0,0,0,0,1,20230305,20230305                                                                                                                 
4154L,1,0,0,0,0,0,0,20230306,20230306                                                                                                                 
4155M,0,1,0,0,0,0,0,20230307,20230307                                                                                                                 
4156X,0,0,1,0,0,0,0,20230308,20230308                                                                                                                 
4157J,0,0,0,1,0,0,0,20230309,20230309                                                                                                                 
4158V,0,0,0,0,1,0,0,20230310,20230310                                                                                                                 
4159S,0,0,0,0,0,1,0,20230311,20230311                                                                                                                 
4160D,0,0,0,0,0,0,1,20230312,20230312                                                                                                                 
4161L,1,0,0,0,0,0,0,20230313,20230313                                                                                                                 
4162M,0,1,0,0,0,0,0,20230314,20230314                                                                                                                 
4163X,0,0,1,0,0,0,0,20230315,20230315                                                                                                                 
4164J,0,0,0,1,0,0,0,20230316,20230316                                                                                                                 
4165V,0,0,0,0,1,0,0,20230317,20230317                                                                                                                 
4166S,0,0,0,0,0,1,0,20230318,20230318                                                                                                                 
4167D,0,0,0,0,0,0,1,20230319,20230319                                                                                                                 
4168L,1,0,0,0,0,0,0,20230320,20230320                                                                                                                 
4169M,0,1,0,0,0,0,0,20230321,20230321                                                                                                                 
4170X,0,0,1,0,0,0,0,20230322,20230322                                                                                                                 
4171J,0,0,0,1,0,0,0,20230323,20230323                                                                                                                 
4172V,0,0,0,0,1,0,0,20230324,20230324                                                                                                                 
4173S,0,0,0,0,0,1,0,20230325,20230325                                                                                                                 
4174D,0,0,0,0,0,0,1,20230326,20230326                                                                                                                 
4175L,1,0,0,0,0,0,0,20230327,20230327                                                                                                                 
4176M,0,1,0,0,0,0,0,20230328,20230328                                                                                                                 
4177X,0,0,1,0,0,0,0,20230329,20230329                                                                                                                 
4178J,0,0,0,1,0,0,0,20230330,20230330                                                                                                                 
4179V,0,0,0,0,1,0,0,20230331,20230331                                                                                                                 
4180S,0,0,0,0,0,1,0,20230401,20230401                                                                                                                 
5050J,0,0,0,1,0,0,0,20230302,20230302                                                                                                                 
5051V,0,0,0,0,1,0,0,20230303,20230303                                                                                                                 
5052S,0,0,0,0,0,1,0,20230304,20230304                                                                                                                 
5053D,0,0,0,0,0,0,1,20230305,20230305                                                                                                                 
5054L,1,0,0,0,0,0,0,20230306,20230306                                                                                                                 
5055M,0,1,0,0,0,0,0,20230307,20230307                                                                                                                 
5056X,0,0,1,0,0,0,0,20230308,20230308                                                                                                                 
5057J,0,0,0,1,0,0,0,20230309,20230309                                                                                                                 
5058V,0,0,0,0,1,0,0,20230310,20230310                                                                                                                 
5059S,0,0,0,0,0,1,0,20230311,20230311                                                                                                                 
5060D,0,0,0,0,0,0,1,20230312,20230312                                                                                                                 
5061L,1,0,0,0,0,0,0,20230313,20230313                                                                                                                 
5062M,0,1,0,0,0,0,0,20230314,20230314                                                                                                                 
5063X,0,0,1,0,0,0,0,20230315,20230315                                                                                                                 
5064J,0,0,0,1,0,0,0,20230316,20230316                                                                                                                 
5065V,0,0,0,0,1,0,0,20230317,20230317                                                                                                                 
5066S,0,0,0,0,0,1,0,20230318,20230318                                                                                                                 
5067D,0,0,0,0,0,0,1,20230319,20230319                                                                                                                 
5068L,1,0,0,0,0,0,0,20230320,20230320                                                                                                                 
5069M,0,1,0,0,0,0,0,20230321,20230321                                                                                                                 
5070X,0,0,1,0,0,0,0,20230322,20230322                                                                                                                 
5071J,0,0,0,1,0,0,0,20230323,20230323                                                                                                                 
5072V,0,0,0,0,1,0,0,20230324,20230324                                                                                                                 
5073S,0,0,0,0,0,1,0,20230325,20230325                                                                                                                 
5074D,0,0,0,0,0,0,1,20230326,20230326                                                                                                                 
5075L,1,0,0,0,0,0,0,20230327,20230327                                                                                                                 
5076M,0,1,0,0,0,0,0,20230328,20230328                                                                                                                 
5077X,0,0,1,0,0,0,0,20230329,20230329                                                                                                                 
5078J,0,0,0,1,0,0,0,20230330,20230330                                                                                                                 
5079V,0,0,0,0,1,0,0,20230331,20230331                                                                                                                 
5080S,0,0,0,0,0,1,0,20230401,20230401                                                                                                                 
6050J,0,0,0,1,0,0,0,20230302,20230302                                                                                                                 
6051V,0,0,0,0,1,0,0,20230303,20230303                                                                                                                 
6052S,0,0,0,0,0,1,0,20230304,20230304                                                                                                                 
6053D,0,0,0,0,0,0,1,20230305,20230305                                                                                                                 
6054L,1,0,0,0,0,0,0,20230306,20230306                                                                                                                 
6055M,0,1,0,0,0,0,0,20230307,20230307                                                                                                                 
6056X,0,0,1,0,0,0,0,20230308,20230308                                                                                                                 
6057J,0,0,0,1,0,0,0,20230309,20230309                                                                                                                 
6058V,0,0,0,0,1,0,0,20230310,20230310                                                                                                                 
6059S,0,0,0,0,0,1,0,20230311,20230311                                                                                                                 
6060D,0,0,0,0,0,0,1,20230312,20230312                                                                                                                 
6061L,1,0,0,0,0,0,0,20230313,20230313                                                                                                                 
6062M,0,1,0,0,0,0,0,20230314,20230314                                                                                                                 
6063X,0,0,1,0,0,0,0,20230315,20230315                                                                                                                 
6064J,0,0,0,1,0,0,0,20230316,20230316                                                                                                                 
6065V,0,0,0,0,1,0,0,20230317,20230317                                                                                                                 
6066S,0,0,0,0,0,1,0,20230318,20230318                                                                                                                 
6067D,0,0,0,0,0,0,1,20230319,20230319                                                                                                                 
6068L,1,0,0,0,0,0,0,20230320,20230320                                                                                                                 
6069M,0,1,0,0,0,0,0,20230321,20230321                                                                                                                 
6070X,0,0,1,0,0,0,0,20230322,20230322                                                                                                                 
6071J,0,0,0,1,0,0,0,20230323,20230323                                                                                                                 
6072V,0,0,0,0,1,0,0,20230324,20230324                                                                                                                 
6073S,0,0,0,0,0,1,0,20230325,20230325                                                                                                                 
6074D,0,0,0,0,0,0,1,20230326,20230326                                                                                                                 
6075L,1,0,0,0,0,0,0,20230327,20230327                                                                                                                 
6076M,0,1,0,0,0,0,0,20230328,20230328                                                                                                                 
6077X,0,0,1,0,0,0,0,20230329,20230329                                                                                                                 
6078J,0,0,0,1,0,0,0,20230330,20230330                                                                                                                 
6079V,0,0,0,0,1,0,0,20230331,20230331                                                                                                                 
6080S,0,0,0,0,0,1,0,20230401,20230401                                                                                                                 
6150J,0,0,0,1,0,0,0,20230302,20230302                                                                                                                 
6151V,0,0,0,0,1,0,0,20230303,20230303                                                                                                                 
6152S,0,0,0,0,0,1,0,20230304,20230304                                                                                                                 
6153D,0,0,0,0,0,0,1,20230305,20230305                                                                                                                 
6154L,1,0,0,0,0,0,0,20230306,20230306                                                                                                                 
6155M,0,1,0,0,0,0,0,20230307,20230307                                                                                                                 
6156X,0,0,1,0,0,0,0,20230308,20230308                                                                                                                 
6157J,0,0,0,1,0,0,0,20230309,20230309                                                                                                                 
6158V,0,0,0,0,1,0,0,20230310,20230310                                                                                                                 
6159S,0,0,0,0,0,1,0,20230311,20230311                                                                                                                 
6160D,0,0,0,0,0,0,1,20230312,20230312                                                                                                                 
6161L,1,0,0,0,0,0,0,20230313,20230313                                                                                                                 
6162M,0,1,0,0,0,0,0,20230314,20230314                                                                                                                 
6163X,0,0,1,0,0,0,0,20230315,20230315                                                                                                                 
6164J,0,0,0,1,0,0,0,20230316,20230316                                                                                                                 
6165V,0,0,0,0,1,0,0,20230317,20230317                                                                                                                 
6166S,0,0,0,0,0,1,0,20230318,20230318                                                                                                                 
6167D,0,0,0,0,0,0,1,20230319,20230319                                                                                                                 
6168L,1,0,0,0,0,0,0,20230320,20230320                                                                                                                 
6169M,0,1,0,0,0,0,0,20230321,20230321                                                                                                                 
6170X,0,0,1,0,0,0,0,20230322,20230322                                                                                                                 
6171J,0,0,0,1,0,0,0,20230323,20230323                                                                                                                 
6172V,0,0,0,0,1,0,0,20230324,20230324                                                                                                                 
6173S,0,0,0,0,0,1,0,20230325,20230325                                                                                                                 
6174D,0,0,0,0,0,0,1,20230326,20230326                                                                                                                 
6175L,1,0,0,0,0,0,0,20230327,20230327                                                                                                                 
6176M,0,1,0,0,0,0,0,20230328,20230328                                                                                                                 
6177X,0,0,1,0,0,0,0,20230329,20230329                                                                                                                 
6178J,0,0,0,1,0,0,0,20230330,20230330                                                                                                                 
6179V,0,0,0,0,1,0,0,20230331,20230331                                                                                                                 
6180S,0,0,0,0,0,1,0,20230401,20230401                                                                                                                 
6250J,0,0,0,1,0,0,0,20230302,20230302                                                                                                                 
6251V,0,0,0,0,1,0,0,20230303,20230303                                                                                                                 
6252S,0,0,0,0,0,1,0,20230304,20230304                                                                                                                 
6253D,0,0,0,0,0,0,1,20230305,20230305                                                                                                                 
6254L,1,0,0,0,0,0,0,20230306,20230306                                                                                                                 
6255M,0,1,0,0,0,0,0,20230307,20230307                                                                                                                 
6256X,0,0,1,0,0,0,0,20230308,20230308                                                                                                                 
6257J,0,0,0,1,0,0,0,20230309,20230309                                                                                                                 
6258V,0,0,0,0,1,0,0,20230310,20230310                                                                                                                 
6259S,0,0,0,0,0,1,0,20230311,20230311                                                                                                                 
6260D,0,0,0,0,0,0,1,20230312,20230312                                                                                                                 
6261L,1,0,0,0,0,0,0,20230313,20230313                                                                                                                 
6262M,0,1,0,0,0,0,0,20230314,20230314                                                                                                                 
6263X,0,0,1,0,0,0,0,20230315,20230315                                                                                                                 
6264J,0,0,0,1,0,0,0,20230316,20230316                                                                                                                 
6265V,0,0,0,0,1,0,0,20230317,20230317                                                                                                                 
6266S,0,0,0,0,0,1,0,20230318,20230318                                                                                                                 
6267D,0,0,0,0,0,0,1,20230319,20230319                                                                                                                 
6268L,1,0,0,0,0,0,0,20230320,20230320                                                                                                                 
6269M,0,1,0,0,0,0,0,20230321,20230321                                                                                                                 
6270X,0,0,1,0,0,0,0,20230322,20230322                                                                                                                 
6271J,0,0,0,1,0,0,0,20230323,20230323                                                                                                                 
6272V,0,0,0,0,1,0,0,20230324,20230324                                                                                                                 
6273S,0,0,0,0,0,1,0,20230325,20230325                                                                                                                 
6274D,0,0,0,0,0,0,1,20230326,20230326                                                                                                                 
6275L,1,0,0,0,0,0,0,20230327,20230327                                                                                                                 
6276M,0,1,0,0,0,0,0,20230328,20230328                                                                                                                 
6277X,0,0,1,0,0,0,0,20230329,20230329                                                                                                                 
6278J,0,0,0,1,0,0,0,20230330,20230330                                                                                                                 
6279V,0,0,0,0,1,0,0,20230331,20230331                                                                                                                 
6280S,0,0,0,0,0,1,0,20230401,20230401                                                                                                                 
7050J,0,0,0,1,0,0,0,20230302,20230302                                                                                                                 
7051V,0,0,0,0,1,0,0,20230303,20230303                                                                                                                 
7052S,0,0,0,0,0,1,0,20230304,20230304                                                                                                                 
7053D,0,0,0,0,0,0,1,20230305,20230305                                                                                                                 
7054L,1,0,0,0,0,0,0,20230306,20230306                                                                                                                 
7055M,0,1,0,0,0,0,0,20230307,20230307                                                                                                                 
7056X,0,0,1,0,0,0,0,20230308,20230308                                                                                                                 
7057J,0,0,0,1,0,0,0,20230309,20230309                                                                                                                 
7058V,0,0,0,0,1,0,0,20230310,20230310                                                                                                                 
7059S,0,0,0,0,0,1,0,20230311,20230311                                                                                                                 
7060D,0,0,0,0,0,0,1,20230312,20230312                                                                                                                 
7061L,1,0,0,0,0,0,0,20230313,20230313                                                                                                                 
7062M,0,1,0,0,0,0,0,20230314,20230314                                                                                                                 
7063X,0,0,1,0,0,0,0,20230315,20230315                                                                                                                 
7064J,0,0,0,1,0,0,0,20230316,20230316                                                                                                                 
7065V,0,0,0,0,1,0,0,20230317,20230317                                                                                                                 
7066S,0,0,0,0,0,1,0,20230318,20230318                                                                                                                 
7067D,0,0,0,0,0,0,1,20230319,20230319                                                                                                                 
7068L,1,0,0,0,0,0,0,20230320,20230320                                                                                                                 
7069M,0,1,0,0,0,0,0,20230321,20230321                                                                                                                 
7070X,0,0,1,0,0,0,0,20230322,20230322                                                                                                                 
7071J,0,0,0,1,0,0,0,20230323,20230323                                                                                                                 
7072V,0,0,0,0,1,0,0,20230324,20230324                                                                                                                 
7073S,0,0,0,0,0,1,0,20230325,20230325                                                                                                                 
7074D,0,0,0,0,0,0,1,20230326,20230326                                                                                                                 
7075L,1,0,0,0,0,0,0,20230327,20230327                                                                                                                 
7076M,0,1,0,0,0,0,0,20230328,20230328                                                                                                                 
7077X,0,0,1,0,0,0,0,20230329,20230329                                                                                                                 
7078J,0,0,0,1,0,0,0,20230330,20230330                                                                                                                 
7079V,0,0,0,0,1,0,0,20230331,20230331                                                                                                                 
7080S,0,0,0,0,0,1,0,20230401,20230401                                                                                                                 
